69,35
3,2
3,1
3,3
10,138
10,180
10,162
10,72
10,250
10,260
10,204
10,2
10,3
11,28
9,7
8,10
8,18
8,5
8,2
8,3
62,3
62,2
62,1
62,0
55,5
55,4
55,3
55,2
55,1
55,0
53,3
53,2
53,1
53,0
52,3
52,2
52,1
52,0
20,3
20,2
20,1
12,3
19,2
19,1
12,2
12,1
19,3
11,30
11,29
11,27
11,26
11,25
11,24
11,23
11,22
11,20
11,19
11,18
11,17
11,16
11,15
11,14
11,13
11,12
11,11
11,8
11,7
11,6
11,5
11,4
11,3
11,2
11,1
10,315
10,313
10,311
10,305
10,302
10,301
10,297
10,291
10,286
10,285
10,281
10,266
10,262
18,1
10,259
18,3
10,258
10,256
14,1
10,254
10,252
